11,19
11,17
11,4
11,6
48,2
11,5
11,1
46,2
45,2
44,6
44,5
44,1
11,7
11,2
11,3
44,4
44,2
43,2
42,13
42,9
42,8
42,6
42,2
42,1
41,24
41,23
9,5
9,1
41,22
9,7
9,2
9,3
41,21
41,9
8,13
8,14
8,12
8,4
8,18
41,8
41,1
41,7
8,15
8,1
41,5
40,5
8,16
8,2
8,3
0,392
40,4
40,1
40,3
38,7
38,6
38,1
12,2
12,1
12,3
38,3
37,1
37,3
36,4
36,1
36,3
36,2
35,4
35,1
35,3
35,2
34,4
34,3
34,2
34,1
34,0
33,12
33,11
33,10
33,9
33,8
33,7
33,6
33,5
32,4
32,3
32,2
20,2
20,1
32,1
32,0
31,4
31,1
20,3
31,3
30,7
30,6
30,5
30,4
30,3
30,2
19,2
19,1
19,3
30,1
30,0
29,23
29,22
29,21
29,20
29,19
29,18
29,17
29,16
29,15
29,14
29,13
29,12
29,11
29,10
29,9
29,8
29,7
29,6
29,5
29,4
29,3
29,2
29,1
29,0
27,1
27,4
27,2
26,2
18,1
18,3
25,2
14,13
14,12
14,11
14,10
14,9
2,2
2,1
14,8
14,1
2,3
14,6
14,3
13,1
13,3
0,567
0,566
0,565
